62 42
7 0 25 22 3 39 34 56 
7 43 25 47 38 26 40 51 
3 33 34 57 
3 28 32 45 
3 4 46 37 
3 5 58 52 
3 42 24 19 
2 31 54 
2 41 39 
2 9 60 
2 10 2 
2 20 32 
2 12 37 
2 13 58 
2 14 19 
8 15 27 8 25 47 38 26 40 
3 16 27 8 
6 18 25 47 38 26 40 
3 23 24 22 
13 35 54 22 29 2 32 37 58 19 47 38 40 39 
2 59 54 
2 46 6 
2 27 11 
2 8 48 
2 24 49 
4 25 29 39 7 
2 54 1 
2 22 53 
2 3 36 
2 29 55 
2 60 30 
2 2 21 
2 32 17 
2 37 44 
2 58 50 
2 19 61 
7 26 54 2 32 37 58 19 
3 47 22 60 
2 38 3 
2 39 3 
2 40 60 
2 34 2 
