70 69
2 0 50 
9 24 53 12 47 68 49 50 6 48 
9 46 53 12 47 68 49 50 6 48 
5 3 26 29 61 1 
5 33 26 29 61 1 
2 5 45 
2 41 12 
2 16 53 
2 57 53 
2 9 12 
2 63 68 
2 11 47 
2 20 47 
2 43 68 
2 23 48 
2 14 6 
2 8 6 
2 17 48 
2 38 50 
2 51 49 
2 54 49 
2 21 10 
9 2 66 67 60 52 62 10 64 65 
9 59 66 67 60 52 62 10 64 65 
5 19 56 7 58 44 
5 13 56 7 58 44 
2 42 15 
2 55 67 
2 28 66 
2 25 66 
2 30 67 
2 31 52 
2 32 60 
2 4 60 
2 34 52 
2 35 65 
2 36 64 
2 22 64 
2 18 65 
2 39 10 
2 40 62 
2 27 69 
2 26 37 
2 29 37 
2 61 37 
2 45 37 
2 37 62 
2 47 26 
2 68 26 
2 49 29 
2 50 29 
2 6 61 
2 48 61 
2 53 45 
2 12 45 
2 1 45 
2 56 27 
2 7 27 
2 58 27 
2 15 27 
2 60 56 
2 52 56 
2 62 7 
2 10 7 
2 64 58 
2 65 58 
2 66 15 
2 67 15 
2 44 15 
