16 16
16 0 1 2 3 4 5 6 7 8 9 10 11 12 13 14 15 
16 1 2 3 4 5 6 7 8 9 10 11 12 13 14 15 0 
16 2 3 4 5 6 7 8 9 10 11 12 13 14 15 0 1 
16 3 4 5 6 7 8 9 10 11 12 13 14 15 0 1 2 
16 4 5 6 7 8 9 10 11 12 13 14 15 0 1 2 3 
16 5 6 7 8 9 10 11 12 13 14 15 0 1 2 3 4 
16 6 7 8 9 10 11 12 13 14 15 0 1 2 3 4 5 
16 7 8 9 10 11 12 13 14 15 0 1 2 3 4 5 6 
16 8 9 10 11 12 13 14 15 0 1 2 3 4 5 6 7 
16 9 10 11 12 13 14 15 0 1 2 3 4 5 6 7 8 
16 10 11 12 13 14 15 0 1 2 3 4 5 6 7 8 9 
16 11 12 13 14 15 0 1 2 3 4 5 6 7 8 9 10 
16 12 13 14 15 0 1 2 3 4 5 6 7 8 9 10 11 
16 13 14 15 0 1 2 3 4 5 6 7 8 9 10 11 12 
16 14 15 0 1 2 3 4 5 6 7 8 9 10 11 12 13 
16 15 0 1 2 3 4 5 6 7 8 9 10 11 12 13 14 
